Editor Hit Object

1 Obj
00:06:864 (6864|1) -

2 Obj
00:06:864 (6864|1,7110|2) -

Multiple
00:06:864 (6864|1,7110|2,7356|3,7602|1,7602|0,7847|2,8093|1,8216|3) -

Timing Point

1 SV
827,-111.111111111111,4,1,0,15,0,0

Multiple SV
827,-111.111111111111,4,1,0,15,0,0
28964,-111.111111111111,4,1,0,15,0,0
29350.2333333333,-109.89010989011,4,1,0,15,0,0
29736.4666666667,-108.695652173913,4,1,0,15,0,0

1 BPM
827,413.793103448276,4,1,0,15,1,0

Multiple BPM
520.612,1175.85,4,1,1,5,1,0
912.562,1242.27,4,1,1,5,1,0
1223.13,1182.53,4,1,1,5,1,0
1715.85,797.006,4,1,1,5,1,0
1981.52,815.306,4,1,1,5,1,0
2525.06,1562.41,4,1,1,5,1,0
3924.71,1069.93,4,1,1,5,1,0
3991.58,2065.3,4,1,1,5,1,0

Mixed
520.612,1175.85,4,1,1,5,1,0
520.612,-29.6668120340456,4,1,1,5,0,0
912.562,1242.27,4,1,1,5,1,0
912.562,-28.0806273436794,4,1,1,5,0,0
1223.13,1182.53,4,1,1,5,1,0
1223.13,-29.4992270219213,4,1,1,5,0,0
1715.85,797.006,4,1,1,5,1,0
1715.85,-43.7684546041467,4,1,1,5,0,0
1981.52,815.306,4,1,1,5,1,0
